chrom1	start1	end1	chrom2	start2	end2	bin1	bin2	kernel_id	iteration	score
chr1	37000	38000	chr1	38000	39000	37	38	0	0	0.30948
chr2	73000	74000	chr2	74000	75000	200	201	0	0	0.28185
chr2	86000	87000	chr2	87000	88000	213	214	0	0	0.3166
chr3	41000	42000	chr3	42000	43000	590	591	0	0	0.32462
chr1	74000	75000	chr1	75000	76000	74	75	1	0	0.26516
chr2	116000	117000	chr2	117000	118000	243	244	1	0	0.30256
chr2	14000	15000	chr2	15000	16000	141	142	2	0	0.29188
chr2	22000	23000	chr2	23000	24000	149	150	2	0	0.27841
chr2	40000	41000	chr2	41000	42000	167	168	2	0	0.29483
chr2	194000	195000	chr2	195000	196000	321	322	2	0	0.35283
chr2	204000	205000	chr2	205000	206000	331	332	2	0	0.3641
chr2	214000	215000	chr2	215000	216000	341	342	2	0	0.32776
chr2	247000	248000	chr2	248000	249000	374	375	2	0	0.44941
chr2	311000	312000	chr2	312000	313000	438	439	2	0	0.36679
chr3	106000	107000	chr3	107000	108000	655	656	2	0	0.26333
chr3	116000	117000	chr3	117000	118000	665	666	2	0	0.28073
chr3	139000	140000	chr3	140000	141000	688	689	2	0	0.27033
chr3	155000	156000	chr3	156000	157000	704	705	2	0	0.32641
