8.531282284973159546e-01 8.499988818539958579e-01 8.644932250776831140e-01 8.984806686124731101e-01 8.973100376811639078e-01 8.828079004057947099e-01 8.991950952050449253e-01 9.357424124664218690e-01 9.862689289424726446e-01 9.468085780819589514e-01 9.249620602784172085e-01 9.075100493356023090e-01 9.142804783641184097e-01 8.733171815552662753e-01 8.908131765897915333e-01 8.888773522008962535e-01 8.981228370175836639e-01
8.742750343129942481e-01 8.453775411978541321e-01 8.298545354040574029e-01 8.155799979016787882e-01 8.958427148924750227e-01 8.808085809715302528e-01 9.147557164444684030e-01 9.584866911965441716e-01 9.615059729586293846e-01 9.824712811842306603e-01 9.097143850802049680e-01 8.924886103780959035e-01 8.593232395249073008e-01 8.099533704495263109e-01 8.802303532394450958e-01 8.636175393807079548e-01 8.646011997418978634e-01
8.692518959064180484e-01 8.878898839798923248e-01 8.491664284125304274e-01 8.568600022609087485e-01 8.617633834022611072e-01 8.702890795525213274e-01 9.191127223284754066e-01 9.660556749519095820e-01 9.616630479254713038e-01 9.643212268966130374e-01 9.298409922866140986e-01 8.988530225947084507e-01 8.535897434423455055e-01 8.574745227713774787e-01 8.608316180743231794e-01 8.221950046636101739e-01 8.860545057610567099e-01
8.836088080392001665e-01 8.161071331969809162e-01 8.645424053206223203e-01 8.545391907976060963e-01 8.877183455781230137e-01 9.097273127609795118e-01 9.913901477836197795e-01 1.059130327558731599e+00 1.076474324547293415e+00 1.050851238547175326e+00 9.490555831956867250e-01 9.189088248412967674e-01 9.075080015943847167e-01 8.980667925631000692e-01 8.497921197116639069e-01 8.094262351542241829e-01 8.881890421285392190e-01
8.927352598006532691e-01 8.625758448251756860e-01 8.398885019206481228e-01 9.019144473918907501e-01 9.252018071437840829e-01 9.669611995882351207e-01 1.020769251579602743e+00 1.124770730192443224e+00 1.120198490012702663e+00 1.110736957647324274e+00 1.013825120398403890e+00 9.731028838922555213e-01 9.419493064473219990e-01 8.933118997806169803e-01 8.754646249239586009e-01 8.925901095922066375e-01 9.188552562446290484e-01
8.873560998171854397e-01 8.764659695610222956e-01 8.745973868242735705e-01 9.343639520591943137e-01 9.645470137896763330e-01 9.667409209087188815e-01 1.050307506404209335e+00 1.160375315867106405e+00 1.193515355442336334e+00 1.122208253476219220e+00 1.035926842992857644e+00 1.013119770044572654e+00 9.755170696908143091e-01 8.942721855430819655e-01 8.945447153229562076e-01 8.968312217886038606e-01 9.029618499242115792e-01
8.897286981901270098e-01 9.113656989176839307e-01 9.283478908047467781e-01 9.646178957557693945e-01 1.007916922812051030e+00 1.030991027130594428e+00 1.144128845550512974e+00 1.277343626429011003e+00 1.359468098307017758e+00 1.254004813194960821e+00 1.157920586206779845e+00 1.055243322266472550e+00 1.026677449165955824e+00 9.758278352235372211e-01 9.206058238103427271e-01 9.131044026069894404e-01 9.344284572933352351e-01
9.265510307280822033e-01 9.899590144573906514e-01 9.529205600937619147e-01 1.071267282974249113e+00 1.122602111330665675e+00 1.134617676255103458e+00 1.294604988591153472e+00 1.524933218228279763e+00 1.653884421704260088e+00 1.464496462271543287e+00 1.236743451032818575e+00 1.147965893088222167e+00 1.112905576509101824e+00 1.038714283131657812e+00 9.774563417547607047e-01 9.509989579233841805e-01 9.559999598202986171e-01
1.000964980181631603e+00 9.916094918698893368e-01 9.904164413094347363e-01 1.097670444226644282e+00 1.150258571903139515e+00 1.187025630867593939e+00 1.388319149695256050e+00 1.692547342167230351e+00 1.730648864077907412e+00 1.615221501241289825e+00 1.330617046918779245e+00 1.200005080017078729e+00 1.090138408122265812e+00 1.055278204867942549e+00 9.329096545415078712e-01 9.314024540473694325e-01 9.715728777033136865e-01
9.265510307280822033e-01 9.899590144573906514e-01 9.529205600937619147e-01 1.071267282974249113e+00 1.122602111330665675e+00 1.134617676255103458e+00 1.294604988591153472e+00 1.524933218228279763e+00 1.653884421704260088e+00 1.464496462271543287e+00 1.236743451032818575e+00 1.147965893088222167e+00 1.112905576509101824e+00 1.038714283131657812e+00 9.774563417547607047e-01 9.509989579233841805e-01 9.559999598202986171e-01
8.897286981901270098e-01 9.113656989176839307e-01 9.283478908047467781e-01 9.646178957557693945e-01 1.007916922812051030e+00 1.030991027130594428e+00 1.144128845550512974e+00 1.277343626429011003e+00 1.359468098307017758e+00 1.254004813194960821e+00 1.157920586206779845e+00 1.055243322266472550e+00 1.026677449165955824e+00 9.758278352235372211e-01 9.206058238103427271e-01 9.131044026069894404e-01 9.344284572933352351e-01
8.873560998171854397e-01 8.764659695610222956e-01 8.745973868242735705e-01 9.343639520591943137e-01 9.645470137896763330e-01 9.667409209087188815e-01 1.050307506404209335e+00 1.160375315867106405e+00 1.193515355442336334e+00 1.122208253476219220e+00 1.035926842992857644e+00 1.013119770044572654e+00 9.755170696908143091e-01 8.942721855430819655e-01 8.945447153229562076e-01 8.968312217886038606e-01 9.029618499242115792e-01
8.927352598006532691e-01 8.625758448251756860e-01 8.398885019206481228e-01 9.019144473918907501e-01 9.252018071437840829e-01 9.669611995882351207e-01 1.020769251579602743e+00 1.124770730192443224e+00 1.120198490012702663e+00 1.110736957647324274e+00 1.013825120398403890e+00 9.731028838922555213e-01 9.419493064473219990e-01 8.933118997806169803e-01 8.754646249239586009e-01 8.925901095922066375e-01 9.188552562446290484e-01
8.836088080392001665e-01 8.161071331969809162e-01 8.645424053206223203e-01 8.545391907976060963e-01 8.877183455781230137e-01 9.097273127609795118e-01 9.913901477836197795e-01 1.059130327558731599e+00 1.076474324547293415e+00 1.050851238547175326e+00 9.490555831956867250e-01 9.189088248412967674e-01 9.075080015943847167e-01 8.980667925631000692e-01 8.497921197116639069e-01 8.094262351542241829e-01 8.881890421285392190e-01
8.692518959064180484e-01 8.878898839798923248e-01 8.491664284125304274e-01 8.568600022609087485e-01 8.617633834022611072e-01 8.702890795525213274e-01 9.191127223284754066e-01 9.660556749519095820e-01 9.616630479254713038e-01 9.643212268966130374e-01 9.298409922866140986e-01 8.988530225947084507e-01 8.535897434423455055e-01 8.574745227713774787e-01 8.608316180743231794e-01 8.221950046636101739e-01 8.860545057610567099e-01
8.742750343129942481e-01 8.453775411978541321e-01 8.298545354040574029e-01 8.155799979016787882e-01 8.958427148924750227e-01 8.808085809715302528e-01 9.147557164444684030e-01 9.584866911965441716e-01 9.615059729586293846e-01 9.824712811842306603e-01 9.097143850802049680e-01 8.924886103780959035e-01 8.593232395249073008e-01 8.099533704495263109e-01 8.802303532394450958e-01 8.636175393807079548e-01 8.646011997418978634e-01
8.531282284973159546e-01 8.499988818539958579e-01 8.644932250776831140e-01 8.984806686124731101e-01 8.973100376811639078e-01 8.828079004057947099e-01 8.991950952050449253e-01 9.357424124664218690e-01 9.862689289424726446e-01 9.468085780819589514e-01 9.249620602784172085e-01 9.075100493356023090e-01 9.142804783641184097e-01 8.733171815552662753e-01 8.908131765897915333e-01 8.888773522008962535e-01 8.981228370175836639e-01
