  (0, 0)	2.0
  (0, 1)	4.0
  (0, 2)	1.0
  (0, 3)	6.0
  (0, 4)	9.0
  (0, 5)	6.0
  (0, 6)	7.0
  (0, 7)	4.0
  (0, 8)	4.0
  (0, 9)	3.0
  (0, 11)	2.0
  (0, 12)	1.0
  (0, 13)	2.0
  (0, 14)	5.0
  (0, 15)	3.0
  (0, 16)	2.0
  (0, 17)	2.0
  (0, 18)	1.0
  (0, 19)	1.0
  (0, 20)	1.0
  (0, 21)	2.0
  (0, 24)	3.0
  (0, 26)	1.0
  (0, 28)	3.0
  (0, 30)	1.0
  (0, 32)	1.0
  (0, 34)	1.0
  (0, 35)	1.0
  (0, 37)	1.0
  (0, 38)	1.0
  (0, 39)	1.0
  (0, 40)	1.0
  (0, 41)	2.0
  (0, 42)	1.0
  (0, 45)	1.0
  (0, 48)	1.0
  (0, 53)	1.0
  (0, 55)	1.0
  (0, 68)	1.0
  (0, 69)	1.0
  (0, 71)	2.0
  (0, 77)	1.0
  (0, 78)	1.0
  (0, 80)	1.0
  (0, 91)	1.0
  (0, 128)	1.0
  (0, 137)	1.0
  (0, 142)	1.0
  (0, 143)	1.0
  (0, 146)	1.0
  (0, 149)	1.0
  (0, 158)	1.0
  (0, 160)	1.0
  (0, 175)	1.0
  (0, 184)	1.0
  (0, 204)	1.0
  (0, 226)	1.0
  (0, 241)	1.0
  (0, 258)	1.0
  (0, 275)	1.0
  (0, 278)	1.0
  (0, 281)	1.0
  (1, 0)	4.0
  (1, 1)	6.0
  (1, 3)	14.0
  (1, 4)	14.0
  (1, 5)	9.0
  (1, 6)	10.0
  (1, 7)	4.0
  (1, 8)	4.0
  (1, 9)	1.0
  (1, 10)	3.0
  (1, 12)	5.0
  (1, 13)	6.0
  (1, 14)	2.0
  (1, 15)	3.0
  (1, 17)	4.0
  (1, 18)	1.0
  (1, 19)	2.0
  (1, 20)	2.0
  (1, 22)	1.0
  (1, 26)	1.0
  (1, 27)	2.0
  (1, 28)	1.0
  (1, 29)	2.0
  (1, 30)	1.0
  (1, 33)	1.0
  (1, 36)	1.0
  (1, 39)	1.0
  (1, 40)	2.0
  (1, 42)	1.0
  (1, 43)	1.0
  (1, 45)	1.0
  (1, 46)	1.0
  (1, 47)	1.0
  (1, 53)	1.0
  (1, 55)	1.0
  (1, 58)	1.0
  (1, 59)	1.0
  (1, 68)	1.0
  (1, 80)	1.0
  (1, 86)	1.0
  (1, 112)	1.0
  (1, 122)	1.0
  (1, 129)	1.0
  (1, 137)	2.0
  (1, 143)	2.0
  (1, 144)	1.0
  (1, 145)	1.0
  (1, 147)	1.0
  (1, 157)	1.0
  (1, 162)	1.0
  (1, 166)	1.0
  (1, 182)	1.0
  (1, 183)	1.0
  (1, 190)	1.0
  (1, 211)	1.0
  (1, 214)	1.0
  (1, 221)	1.0
  (1, 239)	1.0
  (1, 269)	1.0
  (1, 281)	1.0
  (2, 0)	1.0
  (2, 4)	3.0
  (2, 5)	3.0
  (2, 6)	1.0
  (2, 7)	1.0
  (2, 8)	2.0
  (2, 12)	1.0
  (2, 13)	2.0
  (2, 14)	1.0
  (2, 17)	1.0
  (2, 26)	1.0
  (2, 27)	1.0
  (2, 32)	1.0
  (2, 36)	2.0
  (2, 59)	1.0
  (2, 84)	1.0
  (2, 88)	1.0
  (2, 103)	1.0
  (2, 116)	1.0
  (2, 241)	1.0
  (2, 282)	1.0
  (3, 0)	6.0
  :	:
  (284, 204)	5.0
  (284, 205)	4.0
  (284, 207)	5.0
  (284, 208)	3.0
  (284, 209)	4.0
  (284, 210)	5.0
  (284, 211)	5.0
  (284, 212)	2.0
  (284, 213)	4.0
  (284, 214)	6.0
  (284, 215)	2.0
  (284, 216)	4.0
  (284, 218)	4.0
  (284, 219)	5.0
  (284, 220)	7.0
  (284, 221)	2.0
  (284, 225)	8.0
  (284, 226)	5.0
  (284, 227)	8.0
  (284, 228)	10.0
  (284, 229)	9.0
  (284, 230)	9.0
  (284, 231)	4.0
  (284, 232)	7.0
  (284, 233)	8.0
  (284, 234)	9.0
  (284, 235)	13.0
  (284, 236)	5.0
  (284, 237)	5.0
  (284, 238)	10.0
  (284, 239)	11.0
  (284, 240)	12.0
  (284, 241)	7.0
  (284, 242)	8.0
  (284, 243)	6.0
  (284, 244)	6.0
  (284, 245)	14.0
  (284, 246)	1.0
  (284, 249)	9.0
  (284, 250)	13.0
  (284, 251)	8.0
  (284, 252)	9.0
  (284, 253)	13.0
  (284, 254)	13.0
  (284, 255)	2.0
  (284, 256)	18.0
  (284, 257)	14.0
  (284, 258)	12.0
  (284, 259)	32.0
  (284, 260)	25.0
  (284, 261)	20.0
  (284, 262)	19.0
  (284, 263)	32.0
  (284, 264)	21.0
  (284, 265)	10.0
  (284, 266)	33.0
  (284, 267)	37.0
  (284, 268)	25.0
  (284, 269)	23.0
  (284, 270)	20.0
  (284, 271)	21.0
  (284, 272)	25.0
  (284, 273)	38.0
  (284, 274)	44.0
  (284, 275)	70.0
  (284, 276)	54.0
  (284, 277)	46.0
  (284, 278)	76.0
  (284, 279)	71.0
  (284, 280)	112.0
  (284, 281)	179.0
  (284, 282)	174.0
  (284, 283)	219.0
  (284, 284)	302.0
  (284, 285)	18.0
  (285, 42)	1.0
  (285, 52)	1.0
  (285, 55)	1.0
  (285, 76)	1.0
  (285, 93)	2.0
  (285, 96)	1.0
  (285, 130)	1.0
  (285, 136)	1.0
  (285, 140)	1.0
  (285, 164)	1.0
  (285, 173)	1.0
  (285, 174)	2.0
  (285, 190)	1.0
  (285, 201)	2.0
  (285, 205)	2.0
  (285, 207)	2.0
  (285, 210)	1.0
  (285, 216)	1.0
  (285, 217)	1.0
  (285, 218)	3.0
  (285, 220)	1.0
  (285, 226)	1.0
  (285, 227)	2.0
  (285, 230)	2.0
  (285, 231)	3.0
  (285, 232)	1.0
  (285, 234)	1.0
  (285, 236)	3.0
  (285, 239)	1.0
  (285, 240)	2.0
  (285, 241)	2.0
  (285, 242)	1.0
  (285, 243)	5.0
  (285, 244)	2.0
  (285, 246)	1.0
  (285, 250)	1.0
  (285, 251)	1.0
  (285, 252)	3.0
  (285, 253)	2.0
  (285, 254)	6.0
  (285, 255)	2.0
  (285, 256)	1.0
  (285, 257)	2.0
  (285, 258)	5.0
  (285, 259)	1.0
  (285, 261)	7.0
  (285, 262)	3.0
  (285, 263)	3.0
  (285, 264)	5.0
  (285, 265)	2.0
  (285, 266)	5.0
  (285, 267)	2.0
  (285, 268)	4.0
  (285, 269)	2.0
  (285, 270)	3.0
  (285, 271)	5.0
  (285, 272)	2.0
  (285, 273)	3.0
  (285, 274)	4.0
  (285, 275)	5.0
  (285, 276)	3.0
  (285, 277)	3.0
  (285, 278)	8.0
  (285, 279)	10.0
  (285, 280)	6.0
  (285, 281)	13.0
  (285, 282)	25.0
  (285, 283)	13.0
  (285, 284)	18.0
  (285, 285)	6.0