1.500000000000000000e+00 1.500000000000000000e+00 1.500000000000000000e+00 1.500000000000000000e+00 1.500000000000000000e+00 1.500000000000000000e+00 1.500000000000000000e+00 1.500000000000000000e+00 1.500000000000000000e+00 5.000000000000000000e-01 5.000000000000000000e-01 5.000000000000000000e-01 5.000000000000000000e-01 5.000000000000000000e-01 5.000000000000000000e-01 5.000000000000000000e-01	5.000000000000000000e-01
1.500000000000000000e+00 1.500000000000000000e+00 1.500000000000000000e+00 1.500000000000000000e+00 1.500000000000000000e+00 1.500000000000000000e+00 1.500000000000000000e+00 1.500000000000000000e+00 1.500000000000000000e+00 5.000000000000000000e-01 5.000000000000000000e-01 5.000000000000000000e-01 5.000000000000000000e-01 5.000000000000000000e-01 5.000000000000000000e-01 5.000000000000000000e-01 5.000000000000000000e-01
1.500000000000000000e+00 1.500000000000000000e+00 1.500000000000000000e+00 1.500000000000000000e+00 1.500000000000000000e+00 1.500000000000000000e+00 1.500000000000000000e+00 1.500000000000000000e+00 1.500000000000000000e+00 5.000000000000000000e-01 5.000000000000000000e-01 5.000000000000000000e-01 5.000000000000000000e-01 5.000000000000000000e-01 5.000000000000000000e-01 5.000000000000000000e-01 5.000000000000000000e-01
1.500000000000000000e+00 1.500000000000000000e+00 1.500000000000000000e+00 1.500000000000000000e+00 1.500000000000000000e+00 1.500000000000000000e+00 1.500000000000000000e+00 1.500000000000000000e+00 1.500000000000000000e+00 5.000000000000000000e-01 5.000000000000000000e-01 5.000000000000000000e-01 5.000000000000000000e-01 5.000000000000000000e-01 5.000000000000000000e-01 5.000000000000000000e-01 5.000000000000000000e-01
1.500000000000000000e+00 1.500000000000000000e+00 1.500000000000000000e+00 1.500000000000000000e+00 1.500000000000000000e+00 1.500000000000000000e+00 1.500000000000000000e+00 1.500000000000000000e+00 1.500000000000000000e+00 5.000000000000000000e-01 5.000000000000000000e-01 5.000000000000000000e-01 5.000000000000000000e-01 5.000000000000000000e-01 5.000000000000000000e-01 5.000000000000000000e-01 5.000000000000000000e-01
1.500000000000000000e+00 1.500000000000000000e+00 1.500000000000000000e+00 1.500000000000000000e+00 1.500000000000000000e+00 1.500000000000000000e+00 1.500000000000000000e+00 1.500000000000000000e+00 1.500000000000000000e+00 5.000000000000000000e-01 5.000000000000000000e-01 5.000000000000000000e-01 5.000000000000000000e-01 5.000000000000000000e-01 5.000000000000000000e-01 5.000000000000000000e-01 5.000000000000000000e-01
1.500000000000000000e+00 1.500000000000000000e+00 1.500000000000000000e+00 1.500000000000000000e+00 1.500000000000000000e+00 1.500000000000000000e+00 1.500000000000000000e+00 1.500000000000000000e+00 1.500000000000000000e+00 5.000000000000000000e-01 5.000000000000000000e-01 5.000000000000000000e-01 5.000000000000000000e-01 5.000000000000000000e-01 5.000000000000000000e-01 5.000000000000000000e-01 5.000000000000000000e-01
1.500000000000000000e+00 1.500000000000000000e+00 1.500000000000000000e+00 1.500000000000000000e+00 1.500000000000000000e+00 1.500000000000000000e+00 1.500000000000000000e+00 1.500000000000000000e+00 1.500000000000000000e+00 5.000000000000000000e-01 5.000000000000000000e-01 5.000000000000000000e-01 5.000000000000000000e-01 5.000000000000000000e-01 5.000000000000000000e-01 5.000000000000000000e-01 5.000000000000000000e-01
1.500000000000000000e+00 1.500000000000000000e+00 1.500000000000000000e+00 1.500000000000000000e+00 1.500000000000000000e+00 1.500000000000000000e+00 1.500000000000000000e+00 1.500000000000000000e+00 1.500000000000000000e+00 1.500000000000000000e+00 1.500000000000000000e+00 1.500000000000000000e+00 1.500000000000000000e+00 1.500000000000000000e+00 1.500000000000000000e+00 1.500000000000000000e+00 1.500000000000000000e+00
5.000000000000000000e-01 5.000000000000000000e-01 5.000000000000000000e-01 5.000000000000000000e-01 5.000000000000000000e-01 5.000000000000000000e-01 5.000000000000000000e-01 5.000000000000000000e-01 1.500000000000000000e+00 1.500000000000000000e+00 1.500000000000000000e+00 1.500000000000000000e+00 1.500000000000000000e+00 1.500000000000000000e+00 1.500000000000000000e+00 1.500000000000000000e+00 1.500000000000000000e+00
5.000000000000000000e-01 5.000000000000000000e-01 5.000000000000000000e-01 5.000000000000000000e-01 5.000000000000000000e-01 5.000000000000000000e-01 5.000000000000000000e-01 5.000000000000000000e-01 1.500000000000000000e+00 1.500000000000000000e+00 1.500000000000000000e+00 1.500000000000000000e+00 1.500000000000000000e+00 1.500000000000000000e+00 1.500000000000000000e+00 1.500000000000000000e+00 1.500000000000000000e+00
5.000000000000000000e-01 5.000000000000000000e-01 5.000000000000000000e-01 5.000000000000000000e-01 5.000000000000000000e-01 5.000000000000000000e-01 5.000000000000000000e-01 5.000000000000000000e-01 1.500000000000000000e+00 1.500000000000000000e+00 1.500000000000000000e+00 1.500000000000000000e+00 1.500000000000000000e+00 1.500000000000000000e+00 1.500000000000000000e+00 1.500000000000000000e+00 1.500000000000000000e+00
5.000000000000000000e-01 5.000000000000000000e-01 5.000000000000000000e-01 5.000000000000000000e-01 5.000000000000000000e-01 5.000000000000000000e-01 5.000000000000000000e-01 5.000000000000000000e-01 1.500000000000000000e+00 1.500000000000000000e+00 1.500000000000000000e+00 1.500000000000000000e+00 1.500000000000000000e+00 1.500000000000000000e+00 1.500000000000000000e+00 1.500000000000000000e+00 1.500000000000000000e+00
5.000000000000000000e-01 5.000000000000000000e-01 5.000000000000000000e-01 5.000000000000000000e-01 5.000000000000000000e-01 5.000000000000000000e-01 5.000000000000000000e-01 5.000000000000000000e-01 1.500000000000000000e+00 1.500000000000000000e+00 1.500000000000000000e+00 1.500000000000000000e+00 1.500000000000000000e+00 1.500000000000000000e+00 1.500000000000000000e+00 1.500000000000000000e+00 1.500000000000000000e+00
5.000000000000000000e-01 5.000000000000000000e-01 5.000000000000000000e-01 5.000000000000000000e-01 5.000000000000000000e-01 5.000000000000000000e-01 5.000000000000000000e-01 5.000000000000000000e-01 1.500000000000000000e+00 1.500000000000000000e+00 1.500000000000000000e+00 1.500000000000000000e+00 1.500000000000000000e+00 1.500000000000000000e+00 1.500000000000000000e+00 1.500000000000000000e+00 1.500000000000000000e+00
5.000000000000000000e-01 5.000000000000000000e-01 5.000000000000000000e-01 5.000000000000000000e-01 5.000000000000000000e-01 5.000000000000000000e-01 5.000000000000000000e-01 5.000000000000000000e-01 1.500000000000000000e+00 1.500000000000000000e+00 1.500000000000000000e+00 1.500000000000000000e+00 1.500000000000000000e+00 1.500000000000000000e+00 1.500000000000000000e+00 1.500000000000000000e+00 1.500000000000000000e+00
5.000000000000000000e-01 5.000000000000000000e-01 5.000000000000000000e-01 5.000000000000000000e-01 5.000000000000000000e-01 5.000000000000000000e-01 5.000000000000000000e-01 5.000000000000000000e-01 1.500000000000000000e+00 1.500000000000000000e+00 1.500000000000000000e+00 1.500000000000000000e+00 1.500000000000000000e+00 1.500000000000000000e+00 1.500000000000000000e+00 1.500000000000000000e+00 1.500000000000000000e+00
